1
1234
2
05
12
2020
25.50

2
5678
3
08
07
2021
40.25

3
9876
1
03
02
2022
15.75

4
4321
2
11
09
2022
32.10

5
8765
1
07
04
2023
18.90

6
2345
3
01
01
2021
50.00

7
7890
2
09
10
2020
27.75

8
5432
1
06
03
2021
12.60

9
6789
3
12
12
2022
45.30

10
3456
1
04
08
2023
22.40

11
9012
2
10
05
2021
36.20

12
7891
3
02
11
2020
19.95

13
3456
1
07
01
2022
28.75

14
5678
2
03
09
2021
14.60

15
1234
3
09
06
2022
38.75

16
9012
1
05
03
2023
11.80

17
4321
2
01
04
2020
29.40

18
6789
1
11
11
2021
22.90

19
2345
3
06
08
2022
33.15

20
9876
2
12
02
2023
16.70
